0
0
0
0
0
0
0
0
0
0
0
0
0
0
0
0
0
0
0
0
0
0
0
0
0
0
0
0
0
0
0
0
0
0
0
0
0
0
0
0
0
0
0
0
0
0
0
0
0
0
0
0
0
0
0
0
0
0
0
0
0
0
0
0
0
0
0
0
0
0
0
0
0
0
0
0
0
0
0
0
0
0
0
0
0
0
0
0
0
0
0
0
0
0
0
0
0
0
0
0
5
1
5
3
2
1
1
1
5
5
6
5
6
5
24
2411
11
426
132
44
59
110
6
1
15
30
12
9
1
2
1
2
1
1
7
278
37
58
2
16
12
61
1
1
2
19
74
11
12
103
10
60
144
6
5
4
5
1
1
35
14
23
48
13
4
1
14
1
15
4
1
4
5
9
4
12
5
11
11
1
5
2
5
5
5
2
1
10
1
2
19
28
3
7
51
3
44
3
17
5
6
6
18
1
4
2
4
2
179
9
3
16
17
10
10
10
19
5
1
25
2
1
13
3
17
1
5
4
4
4
9
3
8
2
2
9
14
6
269
5
0
1
3
1
1
1
1
4
1
5
5
5
5
5
5
34
1
1
3
5
2
2
1
5
2
2
3
3
3
22
16
3
1
1
1
2
2
2
8
2
1
1
1
1
86
3
4
2
1
2
109
491
4
0
0
11
103
49
0
26
15
21
15
9
36
10
6
23
46
12
3
17
14
23
20
7
100
66
16
17
19
67
10
6
18
5
3
70
3
12
4
3
3
3
8
5
3
5
12
16
15
893
25
46
17
27
6
8
13
4
24
16
3
27
4
6
7
12
8
6
3
2
6
3
11
4
3
6
14
11
3
5
17
14
10
12
5
4
15
5
9
9
3
11
9
6
42
10
10
10
10
10
3
20
6
15
2
2
2
8
9
1115
3
3
22
3
2
6
27
5
28
36
11
87
5
1062
7
2
2
4
34
7
5
5
5
54
39
17
4
4
57
29
57
22
4
5
22
25
8
19
13
7
9
4
20
4
4
4
4
4
4
7
15
9
8
1
35
4
4
4
4
4
4
4
4
4
16
1
71
8
8
8
8
8
4
1
38
4
4
4
4
4
4
4
1
23
4
4
4
4
4
4
1
26
32
484
16
56
40
22
7
7
44
4
4
5
5
7
7
3
18
31
93
78
28
12
87
28
22
25
9
3
4
19
7
24
26
16
16
16
16
16
16
16
16
16
14
14
14
4
4
4
4
4
4
4
4
4
5
7
4
8
7
7
7
8
7
7
12
12
9
9
7
7
7
7
7
7
7
17
13
19
8
8
8
22
7
8
8
7
7
7
8
7
7
7
7
7
7
23
7
7
7
7
71
10
10
5
7
13
6
13
6
7
8
4
4
7
51
13
15
5
15
5
15
5
15
5
15
5
15
5
15
5
15
5
15
5
8
8
4
4
4
4
16
18
16
14
3
3
3
3
3
91
49
14
7
4
9
4
4
9
9
39
26
29
16
12
10
4
7
8
7
7
7
10
10
14
10
10
10
7
7
4
8
11
8
34
7
8
8
8
7
7
4
6
7
7
6
5
10
3
7
6
5
7
7
6
5
3
8
7
18
5
11
8
7
7
5
5
5
5
5
5
5
7
9
5
6
6
5
5
5
7
7
5
5
5
5
7
7
5
5
5
5
7
7
5
5
5
5
7
7
5
5
51
14
12
8
8
3
6
6
3
19
19
19
19
19
19
19
19
19
32
32
32
32
32
32
32
32
32
12
38
32
8
7
7
7
38
30
8
7
7
7
38
25
8
7
7
7
38
25
8
7
7
7
38
25
8
7
7
7
38
25
8
7
7
7
38
25
8
7
7
7
38
25
8
7
7
7
38
25
8
7
7
7
19
15
15
15
9
9
9
9
5
5
5
5
5
5
5
5
5
5
5
5
5
5
5
5
5
5
5
11
11
12
11
11
6
6
6
25
23
20
16
12
12
12
12
15
15
15
13
7
7
5
5
0
0
5
0
15
4
1
2
12
3
61
23
37
37
4
4
15
9
32
32
45
45
30
12
9
9
9
9
6
36
12
5
5
16
14
17
40
214
62
4
19
4
9
36
0
60
54
4
4
2
16
17
18
17
49
30
7
4
16
4
1
1
1
1
3
7
1
6
2
3
6
2
11
2
3
3
4
5
6
1
3
3
6
2
2
2
31
25
5
6
6
6
2
10
6
4
1
4
6
1
4
2
2
17
1
4
2
3
1
1
4
4
7
68
2
2
28
2
4
2
4
1
1
1
35
58
296
90
4
1
1
4
4
43
9
11
11
8
2
2
2
3
1
41
8
1
14
60
29
3
7
24
24
21
19
24
8
16
30
12
14
7
1
2
1
1
2
3
24
32
14
14
4
6
7
6
7
0
36
21
20
7
6
2
3
7
21
38
35
17
13
19
13
11
5
6
22
11
19
19
15
5
17
17
78
78
76
78
78
76
23
9
23
9
23
9
23
9
23
9
23
9
13
5
13
5
5
5
16
10
24
35
20
13
7
8
3
3
1
1
1
1
1
1
1
1
1
1
1
2
1
1
1
1
4
1
1
1
2
1
0
2
0
18
1
0
39
8
0
17
17
17
17
17
17
18
5
7
33
0
5
13
12
7
15
3
7
2
1
1
1
1
1
1
2
3
1
1
3
10
14
7
9
4
15
5
4
2
10
3
3
1
8
2
2
3
1
7
7
7
12
4
2
10
10
1
0
4
5
0
2
4
170
28
10
16
2
3
9
17
1
65
15
1
1
3
6
4
7
13
52
9
5
82
24
60
26
18
55
68
72
6
45
45
45
45
72
72
15
39
35
23
18
9
11
11
5
5
9
7
7
8
10
5
6
11
3
21
3
7
14
7
14
5
13
8
29
11
15
3
10
7
5
3
15
2
4
0
0
0
0
0
0
0
0
0
0
0
0
0
0
0
0
0
0
0
0
0
0
0
0
0
0
0
